-2.00 -2.00 
-2.00 -2.00 
-2.00 -2.00 
-2.00 -2.00 
-2.00 -2.00 
-1.44 -1.44 
-1.44 -1.44 
-1.44 -1.44 
-1.44 -1.44 
-1.44 -1.44 
-0.89 -0.89 
-0.89 -0.89 
-0.89 -0.89 
-0.89 -0.89 
-0.89 -0.89 
-0.33 -0.33 
-0.33 -0.33 
-0.33 -0.33 
-0.33 -0.33 
-0.33 -0.33 
0.22 0.22 
0.22 0.22 
0.22 0.22 
0.22 0.22 
0.22 0.22 
0.78 0.78 
0.78 0.78 
0.78 0.78 
0.78 0.78 
0.78 0.78 
1.33 1.33 
1.33 1.33 
1.33 1.33 
1.33 1.33 
1.33 1.33 
1.89 1.89 
1.89 1.89 
1.89 1.89 
1.89 1.89 
1.89 1.89 
2.44 2.44 
2.44 2.44 
2.44 2.44 
2.44 2.44 
2.44 2.44 
3.00 3.00 
3.00 3.00 
3.00 3.00 
3.00 3.00 
3.00 3.00 
-4.00 -3.44 
-2.89 -2.33 
-1.78 -1.22 
-0.67 -0.11 
0.44 1.00 
-4.00 -3.44 
-2.89 -2.33 
-1.78 -1.22 
-0.67 -0.11 
0.44 1.00 
-4.00 -3.44 
-2.89 -2.33 
-1.78 -1.22 
-0.67 -0.11 
0.44 1.00 
-4.00 -3.44 
-2.89 -2.33 
-1.78 -1.22 
-0.67 -0.11 
0.44 1.00 
-4.00 -3.44 
-2.89 -2.33 
-1.78 -1.22 
-0.67 -0.11 
0.44 1.00 
-4.00 -3.44 
-2.89 -2.33 
-1.78 -1.22 
-0.67 -0.11 
0.44 1.00 
-4.00 -3.44 
-2.89 -2.33 
-1.78 -1.22 
-0.67 -0.11 
0.44 1.00 
-4.00 -3.44 
-2.89 -2.33 
-1.78 -1.22 
-0.67 -0.11 
0.44 1.00 
-4.00 -3.44 
-2.89 -2.33 
-1.78 -1.22 
-0.67 -0.11 
0.44 1.00 
-4.00 -3.44 
-2.89 -2.33 
-1.78 -1.22 
-0.67 -0.11 
0.44 1.00 
