0.005577632762489173
0.005577632762489173
0.005577632762489173
0.005577632762489173
0.005577632762489173
0.008441936109885037
0.008441936109885037
0.008441936109885037
0.008441936109885037
0.008441936109885037
0.011237681659106968
0.011237681659106968
0.011237681659106968
0.011237681659106968
0.011237681659106968
0.01344432512875779
0.01344432512875779
0.01344432512875779
0.01344432512875779
0.01344432512875779
0.014540332586315331
0.014540332586315331
0.014540332586315331
0.014540332586315331
0.014540332586315331
0.014391435469727112
0.014391435469727112
0.014391435469727112
0.014391435469727112
0.014391435469727112
0.013120870388795313
0.013120870388795313
0.013120870388795313
0.013120870388795313
0.013120870388795313
0.011033295975062014
0.011033295975062014
0.011033295975062014
0.011033295975062014
0.011033295975062014
0.008644038035558164
0.008644038035558164
0.008644038035558164
0.008644038035558164
0.008644038035558164
0.0062776723443772175
0.0062776723443772175
0.0062776723443772175
0.0062776723443772175
0.0062776723443772175
0.002911645302881138
0.00304022473281301
0.007700234725183662
0.01290901230942198
0.014592461777601652
0.002911645302881138
0.00304022473281301
0.007700234725183662
0.01290901230942198
0.014592461777601652
0.002911645302881138
0.00304022473281301
0.007700234725183662
0.01290901230942198
0.014592461777601652
0.002911645302881138
0.00304022473281301
0.007700234725183662
0.01290901230942198
0.014592461777601652
0.002911645302881138
0.00304022473281301
0.007700234725183662
0.01290901230942198
0.014592461777601652
0.002911645302881138
0.00304022473281301
0.007700234725183662
0.01290901230942198
0.014592461777601652
0.002911645302881138
0.00304022473281301
0.007700234725183662
0.01290901230942198
0.014592461777601652
0.002911645302881138
0.00304022473281301
0.007700234725183662
0.01290901230942198
0.014592461777601652
0.002911645302881138
0.00304022473281301
0.007700234725183662
0.01290901230942198
0.014592461777601652
0.002911645302881138
0.00304022473281301
0.007700234725183662
0.01290901230942198
0.014592461777601652
